("001111101010010010001001000","001111101010110000011101001","001111101001110110111010111","001111101001100101111011101","001111101001010101111110111","001111101001001010100111010","001111101000101001011010111","001111101000011100100111111","001111101000011100110000111","001111101000100011111011000","001111101001011111100010101","001111101010010001110101110","001111101011100100110001000","001111101101001011011100001","001111101110010011011001010","001111101111001101101010110","001111101111010000010111000","001111101110101001011101001","001111101110001001110110010","001111101101000000001011000","001111101100000100100001001","001111101100010101010001111","001111101100101101001110111","001111101100110100010101100","001111101101100000110001000","001111101101110111100110010","001111101101101101100010110","001111101011000011111011000","001111101000110100011101011","001111100100101000101011000"),("001111101010110000011101001","001111101001100101111011101","001111101001001010100111010","001111101000011100100111111","001111101000100011111011000","001111101010010001110101110","001111101101001011011100001","001111101111001101101010110","001111101110101001011101001","001111101101000000001011000","001111101100010101010001111","001111101100110100010101100","001111101101110111100110010","001111101011000011111011000","001111100100101000101011000","000000000000000000000000000","000000000000000000000000000","000000000000000000000000000","000000000000000000000000000","000000000000000000000000000","000000000000000000000000000","000000000000000000000000000","000000000000000000000000000","000000000000000000000000000","000000000000000000000000000","000000000000000000000000000","000000000000000000000000000","000000000000000000000000000","000000000000000000000000000","001111010101010111011100010"),("001111101001110110111010111","001111101001001010100111010","001111101000011100110000111","001111101010010001110101110","001111101110010011011001010","001111101110101001011101001","001111101100000100100001001","001111101100110100010101100","001111101101101101100010110","001111100100101000101011000","000000000000000000000000000","000000000000000000000000000","000000000000000000000000000","000000000000000000000000000","000000000000000000000000000","000000000000000000000000000","000000000000000000000000000","000000000000000000000000000","000000000000000000000000000","001111010101010111011100010","000000000000000000000000000","000000000000000000000000000","000000000000000000000000000","000000000000000000000000000","000000000000000000000000000","000000000000000000000000000","000000000000000000000000000","000000000000000000000000000","000000000000000000000000000","000000000000000000000000000"),("001111101001100101111011101","001111101000011100100111111","001111101010010001110101110","001111101111001101101010110","001111101101000000001011000","001111101100110100010101100","001111101011000011111011000","000000000000000000000000000","000000000000000000000000000","000000000000000000000000000","000000000000000000000000000","000000000000000000000000000","000000000000000000000000000","000000000000000000000000000","001111010101010111011100010","000000000000000000000000000","000000000000000000000000000","000000000000000000000000000","000000000000000000000000000","000000000000000000000000000","000000000000000000000000000","000000000000000000000000000","001111100100010111010111100","001111100100100110010011000","001111100011001110000100101","001111100011111010101011011","001111100001110110111000011","001111011110101010000110010","001111100100001000010101101","001111101000111000010110000"),("001111101001010101111110111","001111101000100011111011000","001111101110010011011001010","001111101101000000001011000","001111101101100000110001000","001111100100101000101011000","000000000000000000000000000","000000000000000000000000000","000000000000000000000000000","000000000000000000000000000","000000000000000000000000000","001111010101010111011100010","000000000000000000000000000","000000000000000000000000000","000000000000000000000000000","000000000000000000000000000","000000000000000000000000000","000000000000000000000000000","001111100101001100100110000","001111100011001110000100101","001111100100110110001100111","001111011110100010000101000","001111100010111010010111100","001111101000111000010110000","000000000000000000000000000","000000000000000000000000000","000000000000000000000000000","000000000000000000000000000","000000000000000000000000000","000000000000000000000000000"),("001111101001001010100111010","001111101010010001110101110","001111101110101001011101001","001111101100110100010101100","001111100100101000101011000","000000000000000000000000000","000000000000000000000000000","000000000000000000000000000","000000000000000000000000000","001111010101010111011100010","000000000000000000000000000","000000000000000000000000000","000000000000000000000000000","000000000000000000000000000","000000000000000000000000000","001111100100100110010011000","001111100100000100111001100","001111100001110110111000011","001111100001001111010111100","001111101000111000010110000","000000000000000000000000000","000000000000000000000000000","000000000000000000000000000","000000000000000000000000000","000000000000000000000000000","001111101010010010000001011","001111100000000110110000010","001111101000100001001010000","001111101001010001101010110","001111101100011100101110100"),("001111101000101001011010111","001111101101001011011100001","001111101100000100100001001","001111101011000011111011000","000000000000000000000000000","000000000000000000000000000","000000000000000000000000000","000000000000000000000000000","000000000000000000000000000","000000000000000000000000000","000000000000000000000000000","000000000000000000000000000","001111100011100000010100010","001111100011111111111100010","001111100100110110001100111","001111011110101010000110010","001111100001100011101100110","000000000000000000000000000","000000000000000000000000000","000000000000000000000000000","000000000000000000000000000","001111101010111110011010101","001111100001100010111101001","001111101000100001001010000","001111101010011000010101101","001111101010110100101110111","001111101000111010010011100","001111101100010011111100111","000000000000000000000000000","001111101011101010001101001"),("001111101000011100100111111","001111101111001101101010110","001111101100110100010101100","000000000000000000000000000","000000000000000000000000000","000000000000000000000000000","000000000000000000000000000","000000000000000000000000000","000000000000000000000000000","000000000000000000000000000","000000000000000000000000000","001111100100100110010011000","001111100011111010101011011","001111011110101010000110010","001111101000111000010110000","000000000000000000000000000","000000000000000000000000000","000000000000000000000000000","001111101101001010100010110","001111100011111100010110101","001111101000100001001010000","001111101011100000111010111","001111101000110101011110011","001111101001111110100111101","001111000001111100101011101","001111101101000101010000111","001111101100000111111111010","001111100101000101001000101","000000000000000000000000000","001111010101110010101110001"),("001111101000011100110000111","001111101110101001011101001","001111101101101101100010110","000000000000000000000000000","000000000000000000000000000","000000000000000000000000000","000000000000000000000000000","000000000000000000000000000","000000000000000000000000000","000000000000000000000000000","001111100011010010101111110","001111100001110110111000011","001111100010111010111011111","000000000000000000000000000","000000000000000000000000000","000000000000000000000000000","001111101100001111111100001","001111100000000110110000010","001111100010110100111101010","001111101100011100101110100","001111101000111010010011100","001111100110111010100001010","001111101001110111100101011","001111101100000111111111010","001111100000100011110000110","000000000000000000000000000","000000000000000000000000000","000000000000000000000000000","001111100010100101111011111","000000000000000000000000000"),("001111101000100011111011000","001111101101000000001011000","001111100100101000101011000","000000000000000000000000000","000000000000000000000000000","001111010101010111011100010","000000000000000000000000000","000000000000000000000000000","000000000000000000000000000","001111100011001110000100101","001111011110100010000101000","001111101000111000010110000","000000000000000000000000000","000000000000000000000000000","000000000000000000000000000","001111100011111100010110101","001111100011011001011010110","001111101100011100101110100","001111101001010111110101001","001111000001111100101011101","001111101011101010001101001","001111101010001110111101011","000000000000000000000000000","001111010101110010101110001","000000000000000000000000000","001111100001111010011010111","000000000000000000000000000","001111100011111011010101001","000000000000000000000000000","001111100101010010000101010"),("001111101001011111100010101","001111101100010101010001111","000000000000000000000000000","000000000000000000000000000","000000000000000000000000000","000000000000000000000000000","000000000000000000000000000","000000000000000000000000000","001111100011010010101111110","001111011110100010000101000","000000000000000000000000000","000000000000000000000000000","000000000000000000000000000","001111101010111110011010101","001111100101010000111010001","001111101011100000111010111","001111101000110000100110111","001111100110111010100001010","001111101110011010001110101","001111101010001110111101011","000000000000000000000000000","000000000000000000000000000","000000000000000000000000000","001111011101000101011010110","001111100100100010111110011","000000000000000000000000000","000000000000000000000000000","001111100000001100100101000","001111010110101001111101111","001111101000111101110011001"),("001111101010010001110101110","001111101100110100010101100","000000000000000000000000000","000000000000000000000000000","001111010101010111011100010","000000000000000000000000000","000000000000000000000000000","001111100100100110010011000","001111100001110110111000011","001111101000111000010110000","000000000000000000000000000","000000000000000000000000000","001111101010010010000001011","001111101000100001001010000","001111101100011100101110100","001111101001111110100111101","001110111110010110010010100","001111101100000111111111010","000000000000000000000000000","001111010101110010101110001","000000000000000000000000000","001111011101000101011010110","001111100100111001100110000","000000000000000000000000000","001111100101010010000101010","001111100011111000000000000","001111010010000101111010000","000000000000000000000000000","000000000000000000000000000","000000000000000000000000000"),("001111101011100100110001000","001111101101110111100110010","000000000000000000000000000","000000000000000000000000000","000000000000000000000000000","000000000000000000000000000","001111100011100000010100010","001111100011111010101011011","001111100010111010111011111","000000000000000000000000000","000000000000000000000000000","001111101010010010000001011","001111100110010110111001000","001111101010110100101110111","001111101100000100100001000","001111101101000101010000111","001111101001110010010110101","000000000000000000000000000","000000000000000000000000000","001111100001111010011010111","001111100010111100111110100","000000000000000000000000000","001111011100000000000111110","001111100011111000000000000","001111011111100100011001001","000000000000000000000000000","000000000000000000000000000","000000000000000000000000000","000000000000000000000000000","000000000000000000000000000"),("001111101101001011011100001","001111101011000011111011000","000000000000000000000000000","000000000000000000000000000","000000000000000000000000000","000000000000000000000000000","001111100011111111111100010","001111011110101010000110010","000000000000000000000000000","000000000000000000000000000","001111101010111110011010101","001111101000100001001010000","001111101010110100101110111","001111101100010011111100111","001111101011101010001101001","001111100101000101001000101","000000000000000000000000000","000000000000000000000000000","000000000000000000000000000","001111100011111011010101001","000000000000000000000000000","001111100000001100100101000","000000000000000000000000000","000000000000000000000000000","000000000000000000000000000","000000000000000000000000000","000000000000000000000000000","001111100011100111100110011","001111101011101001010011010","001111011110111001111101110"),("001111101110010011011001010","001111100100101000101011000","000000000000000000000000000","001111010101010111011100010","000000000000000000000000000","000000000000000000000000000","001111100100110110001100111","001111101000111000010110000","000000000000000000000000000","000000000000000000000000000","001111100101010000111010001","001111101100011100101110100","001111101100000100100001000","001111101011101010001101001","001111100000100011110000110","001111010101110010101110001","000000000000000000000000000","000000000000000000000000000","000000000000000000000000000","001111100101010010000101010","001111100100010011010110101","001111101000111101110011001","000000000000000000000000000","000000000000000000000000000","000000000000000000000000000","000000000000000000000000000","001111101011111001101001001","001111011110111001111101110","001111101001001101100011000","001111100010010010100110011"),("001111101111001101101010110","000000000000000000000000000","000000000000000000000000000","000000000000000000000000000","000000000000000000000000000","001111100100100110010011000","001111011110101010000110010","000000000000000000000000000","000000000000000000000000000","001111100011111100010110101","001111101011100000111010111","001111101001111110100111101","001111101101000101010000111","001111100101000101001000101","001111010101110010101110001","001111001111010100101011100","001111011101010010001001000","000000000000000000000000000","001111100001110101000000001","000000000000000000000000000","000000000000000000000000000","000000000000000000000000000","000000000000000000000000000","000000000000000000000000000","001111100100010100110001010","001111100010011110010111100","001111101101010011000100101","001111100110000000001111101","000000000000000000000000000","000000000000000000000000000"),("001111101111010000010111000","000000000000000000000000000","000000000000000000000000000","000000000000000000000000000","000000000000000000000000000","001111100100000100111001100","001111100001100011101100110","000000000000000000000000000","001111101100001111111100001","001111100011011001011010110","001111101000110000100110111","001110111110010110010010100","001111101001110010010110101","000000000000000000000000000","000000000000000000000000000","001111011101010010001001000","000000000000000000000000000","001111100000001111110010000","000000000000000000000000000","000000000000000000000000000","000000000000000000000000000","000000000000000000000000000","001111011001111110000100010","001111100110000110100100011","001111110000010001100111001","000000000000000000000000000","000000000000000000000000000","000000000000000000000000000","000000000000000000000000000","000000000000000000000000000"),("001111101110101001011101001","000000000000000000000000000","000000000000000000000000000","000000000000000000000000000","000000000000000000000000000","001111100001110110111000011","000000000000000000000000000","000000000000000000000000000","001111100000000110110000010","001111101100011100101110100","001111100110111010100001010","001111101100000111111111010","000000000000000000000000000","000000000000000000000000000","000000000000000000000000000","000000000000000000000000000","001111100000001111110010000","001111010010000101111010000","000000000000000000000000000","000000000000000000000000000","000000000000000000000000000","001111100010011111001100110","001111011011110001110001010","001111101101010011000100101","001111100010010010100110011","000000000000000000000000000","000000000000000000000000000","000000000000000000000000000","001111101110011110111010010","001111101101011100011110110"),("001111101110001001110110010","000000000000000000000000000","000000000000000000000000000","000000000000000000000000000","001111100101001100100110000","001111100001001111010111100","000000000000000000000000000","001111101101001010100010110","001111100010110100111101010","001111101001010111110101001","001111101110011010001110101","000000000000000000000000000","000000000000000000000000000","000000000000000000000000000","000000000000000000000000000","001111100001110101000000001","000000000000000000000000000","000000000000000000000000000","000000000000000000000000000","000000000000000000000000000","001111100010100010110111111","001111101000110111010010101","001111011101110011111111011","000000000000000000000000000","000000000000000000000000000","000000000000000000000000000","001111110010000101000010010","001111100100100100100111110","000000000000000000000000000","000000000000000000000000000"),("001111101101000000001011000","000000000000000000000000000","001111010101010111011100010","000000000000000000000000000","001111100011001110000100101","001111101000111000010110000","000000000000000000000000000","001111100011111100010110101","001111101100011100101110100","001111000001111100101011101","001111101010001110111101011","001111010101110010101110001","001111100001111010011010111","001111100011111011010101001","001111100101010010000101010","000000000000000000000000000","000000000000000000000000000","000000000000000000000000000","000000000000000000000000000","001111100100010100110001010","001111011110111001111101110","000000000000000000000000000","000000000000000000000000000","000000000000000000000000000","000000000000000000000000000","001111110000101001100100001","001111101101011100011110110","000000000000000000000000000","001111100101111000000101000","001111101011111001011111000"),("001111101100000100100001001","000000000000000000000000000","000000000000000000000000000","000000000000000000000000000","001111100100110110001100111","000000000000000000000000000","000000000000000000000000000","001111101000100001001010000","001111101000111010010011100","001111101011101010001101001","000000000000000000000000000","000000000000000000000000000","001111100010111100111110100","000000000000000000000000000","001111100100010011010110101","000000000000000000000000000","000000000000000000000000000","000000000000000000000000000","001111100010100010110111111","001111011110111001111101110","000000000000000000000000000","000000000000000000000000000","000000000000000000000000000","000000000000000000000000000","001111101111001000111011010","000000000000000000000000000","000000000000000000000000000","001111101000011010000000011","000000000000000000000000000","000000000000000000000000000"),("001111101100010101010001111","000000000000000000000000000","000000000000000000000000000","000000000000000000000000000","001111011110100010000101000","000000000000000000000000000","001111101010111110011010101","001111101011100000111010111","001111100110111010100001010","001111101010001110111101011","000000000000000000000000000","001111011101000101011010110","000000000000000000000000000","001111100000001100100101000","001111101000111101110011001","000000000000000000000000000","000000000000000000000000000","001111100010011111001100110","001111101000110111010010101","000000000000000000000000000","000000000000000000000000000","000000000000000000000000000","000000000000000000000000000","001111101101110000001000101","000000000000000000000000000","001111101011101101001010111","001111010001011101110011000","000000000000000000000000000","001111100010011100101000111","001111100111011001001000010"),("001111101100101101001110111","000000000000000000000000000","000000000000000000000000000","001111100100010111010111100","001111100010111010010111100","000000000000000000000000000","001111100001100010111101001","001111101000110101011110011","001111101001110111100101011","000000000000000000000000000","000000000000000000000000000","001111100100111001100110000","001111011100000000000111110","000000000000000000000000000","000000000000000000000000000","000000000000000000000000000","001111011001111110000100010","001111011011110001110001010","001111011101110011111111011","000000000000000000000000000","000000000000000000000000000","000000000000000000000000000","001111101011000010110010111","000000000000000000000000000","001111101000101010110011110","001111101011011011111011010","001111101101000110011110101","001111100000110101111010000","001111101101000011101000010","001111101000111101101010011"),("001111101100110100010101100","000000000000000000000000000","000000000000000000000000000","001111100100100110010011000","001111101000111000010110000","000000000000000000000000000","001111101000100001001010000","001111101001111110100111101","001111101100000111111111010","001111010101110010101110001","001111011101000101011010110","000000000000000000000000000","001111100011111000000000000","000000000000000000000000000","000000000000000000000000000","000000000000000000000000000","001111100110000110100100011","001111101101010011000100101","000000000000000000000000000","000000000000000000000000000","000000000000000000000000000","001111101101110000001000101","000000000000000000000000000","001111101000110000001100101","001111101011111001011111000","001111101011010101011000110","001111101011100010110010100","001111100100100100101101110","001111000110111111010100001","001111010010010110110110001"),("001111101101100000110001000","000000000000000000000000000","000000000000000000000000000","001111100011001110000100101","000000000000000000000000000","000000000000000000000000000","001111101010011000010101101","001111000001111100101011101","001111100000100011110000110","000000000000000000000000000","001111100100100010111110011","001111100101010010000101010","001111011111100100011001001","000000000000000000000000000","000000000000000000000000000","001111100100010100110001010","001111110000010001100111001","001111100010010010100110011","000000000000000000000000000","000000000000000000000000000","001111101111001000111011010","000000000000000000000000000","001111101000101010110011110","001111101011111001011111000","001111101001000100100010011","001111101100111100101011010","001111001001111100001110010","001111011101010000110010000","001111010110100101010111010","000000000000000000000000000"),("001111101101110111100110010","000000000000000000000000000","000000000000000000000000000","001111100011111010101011011","000000000000000000000000000","001111101010010010000001011","001111101010110100101110111","001111101101000101010000111","000000000000000000000000000","001111100001111010011010111","000000000000000000000000000","001111100011111000000000000","000000000000000000000000000","000000000000000000000000000","000000000000000000000000000","001111100010011110010111100","000000000000000000000000000","000000000000000000000000000","000000000000000000000000000","001111110000101001100100001","000000000000000000000000000","001111101011101101001010111","001111101011011011111011010","001111101011010101011000110","001111101100111100101011010","000000000000000000000000000","001111100011010101100110100","001111001000100011000001110","001111101001001001110110111","001111100001101101001101010"),("001111101101101101100010110","000000000000000000000000000","000000000000000000000000000","001111100001110110111000011","000000000000000000000000000","001111100000000110110000010","001111101000111010010011100","001111101100000111111111010","000000000000000000000000000","000000000000000000000000000","000000000000000000000000000","001111010010000101111010000","000000000000000000000000000","000000000000000000000000000","001111101011111001101001001","001111101101010011000100101","000000000000000000000000000","000000000000000000000000000","001111110010000101000010010","001111101101011100011110110","000000000000000000000000000","001111010001011101110011000","001111101101000110011110101","001111101011100010110010100","001111001001111100001110010","001111100011010101100110100","000000000000000000000000000","001111100110110010010110000","001111100011011110101000000","001111101000010100101011000"),("001111101011000011111011000","000000000000000000000000000","000000000000000000000000000","001111011110101010000110010","000000000000000000000000000","001111101000100001001010000","001111101100010011111100111","001111100101000101001000101","000000000000000000000000000","001111100011111011010101001","001111100000001100100101000","000000000000000000000000000","000000000000000000000000000","001111100011100111100110011","001111011110111001111101110","001111100110000000001111101","000000000000000000000000000","000000000000000000000000000","001111100100100100100111110","000000000000000000000000000","001111101000011010000000011","000000000000000000000000000","001111100000110101111010000","001111100100100100101101110","001111011101010000110010000","001111001000100011000001110","001111100110110010010110000","001111100011100011100011001","001111101010011110011110101","001111100011000001101000100"),("001111101000110100011101011","000000000000000000000000000","000000000000000000000000000","001111100100001000010101101","000000000000000000000000000","001111101001010001101010110","000000000000000000000000000","000000000000000000000000000","001111100010100101111011111","000000000000000000000000000","001111010110101001111101111","000000000000000000000000000","000000000000000000000000000","001111101011101001010011010","001111101001001101100011000","000000000000000000000000000","000000000000000000000000000","001111101110011110111010010","000000000000000000000000000","001111100101111000000101000","000000000000000000000000000","001111100010011100101000111","001111101101000011101000010","001111000110111111010100001","001111010110100101010111010","001111101001001001110110111","001111100011011110101000000","001111101010011110011110101","000000000000000000000000000","000000000000000000000000000"),("001111100100101000101011000","001111010101010111011100010","000000000000000000000000000","001111101000111000010110000","000000000000000000000000000","001111101100011100101110100","001111101011101010001101001","001111010101110010101110001","000000000000000000000000000","001111100101010010000101010","001111101000111101110011001","000000000000000000000000000","000000000000000000000000000","001111011110111001111101110","001111100010010010100110011","000000000000000000000000000","000000000000000000000000000","001111101101011100011110110","000000000000000000000000000","001111101011111001011111000","000000000000000000000000000","001111100111011001001000010","001111101000111101101010011","001111010010010110110110001","000000000000000000000000000","001111100001101101001101010","001111101000010100101011000","001111100011000001101000100","000000000000000000000000000","001111101100011110100001111"),("000000000000000000000000000","000000000000000000000000000","001111100101111000011110111","000000000000000000000000000","001111101010100111011100000","001111101000011101100011001","001111101100000101111011001","000000000000000000000000000","001111100100110111110101000","001111100010010011010100010","000000000000000000000000000","000000000000000000000000000","001111101001111111101001011","001111101011011101101001110","000000000000000000000000000","000000000000000000000000000","001111101111110000100011111","000000000000000000000000000","001111100010110110101101101","001111101011000010101010010","001111101101001100000100110","000000000000000000000000000","000000000000000000000000000","000000000000000000000000000","001111100011110000100010001","000000000000000000000000000","001111100010101000111010000","000000000000000000000000000","001111101011110000111100000","000000000000000000000000000"),("000000000000000000000000000","000000000000000000000000000","001111100100100110010011000","000000000000000000000000000","001111100011111100010110101","001111101001111110100111101","001111100101000101001000101","001111001111010100101011100","000000000000000000000000000","000000000000000000000000000","000000000000000000000000000","000000000000000000000000000","001111100010011110010111100","001111100110000000001111101","000000000000000000000000000","001111110001100100000010100","000000000000000000000000000","001111101000110000001100101","000000000000000000000000000","001111100000011001010000111","001111100100100100101101110","001111100011111100001010010","000000000000000000000000000","001111100110001100001101111","000000000000000000000000000","000000000000000000000000000","000000000000000000000000000","001111101100010100010001001","000000000000000000000000000","001111101011111110110110101"),