("001111100011001110111100100","001111100011101111000100110","001111100000011000001111010","001111011011011011011111110","001111011001001100000110101","001111011000101101011010101","001111011001010110110010110","001111011001100011101111001","001111011000011000100100110","001111011010110001111001011","001111011101101010110110010","001111100000110001000100101","001111100011100111010111011","001111101001000000001001011","001111101100000111001010010","001111101101110111100100000","001111101101110010001101010","001111101011110110001010111","001111101000110101001001010","001111100100010011001100001","001111100001010111110000111","001111100101101100101011101","001111101000001001110100001","001111101010000011100000101","001111101001011010101110001","001111101000111011110001010","000000000000000000000000000","001111100101000101100100010","001111100000001100000001001","001111101001001001010001110"),("001111100011101111000100110","001111011011011011011111110","001111011000101101011010101","001111011001100011101111001","001111011010110001111001011","001111100000110001000100101","001111101001000000001001011","001111101101110111100100000","001111101011110110001010111","001111100100010011001100001","001111100101101100101011101","001111101010000011100000101","001111101000111011110001010","001111100101000101100100010","001111101001001001010001110","001111110001011011100111100","001111110001011001110111110","001111110001110110101100100","001111110010110011100011100","001111110001111111010111111","001111110010100100111100100","001111110010010001011000110","001111110010110010010011001","001111110010011101011111110","001111110000000110101111000","001111101101001011111001000","001111101100001000010110001","001111101110010010111101000","001111110010100110011100111","001111110101100100110011000"),("001111100000011000001111010","001111011000101101011010101","001111011000011000100100110","001111100000110001000100101","001111101100000111001010010","001111101011110110001010111","001111100001010111110000111","001111101010000011100000101","000000000000000000000000000","001111101001001001010001110","001111110001011000010100100","001111110001110110101100100","001111110010010000110110000","001111110010100100111100100","001111110010101110100110001","001111110010011101011111110","001111101110010000111010010","001111101100001000010110001","001111101100000100101000011","001111110101100100110011000","001111111011010010010101101","001111111010010000110010001","001111110111100110001011101","001111110011101111011111010","001111110101110110101110100","001111110010000011110010011","001111101111100000001001101","001111110101000100100111010","001111110111000001100101011","001111111101010101000001010"),("001111011011011011011111110","001111011001100011101111001","001111100000110001000100101","001111101101110111100100000","001111100100010011001100001","001111101010000011100000101","001111100101000101100100010","001111110001011011100111100","001111110001110110101100100","001111110001111111010111111","001111110010010001011000110","001111110010011101011111110","001111101101001011111001000","001111101110010010111101000","001111110101100100110011000","001111111010110001001011001","001111111000101011110111001","001111110011101111011111010","001111110101001101000100101","001111101110000101011111000","001111110101000100100111010","001111111101010010011110011","001111100011000100101001010","001111011011011011110011101","000000000000000000000000000","001111100111010011010101100","001111101101000110000000001","001111101100011011100001110","001111110000110100111111110","001111101011100100111101010"),("001111011001001100000110101","001111011010110001111001011","001111101100000111001010010","001111100100010011001100001","001111101001011010101110001","001111101001001001010001110","001111110001100100111001110","001111110001111111010111111","001111110010101110100110001","001111110000000110101111000","001111101110010110000010100","001111110101100100110011000","001111111010011111000111010","001111110101111000101111011","001111110101110110101110100","001111101110000101011111000","001111110110100110111110011","001111111101010101000001010","001111011101010111011100010","000000000000000000000000000","001111101001001101110010001","001111101010110000101100101","001111101110011001000011111","001111101011100100111101010","001111111001001001001101101","001111110110100001000101100","001111110100111011010100001","001111110101110011001111000","001111110110011000101000011","001111111000110011001110000"),("001111011000101101011010101","001111100000110001000100101","001111101011110110001010111","001111101010000011100000101","001111101001001001010001110","001111110001110110101100100","001111110010100100111100100","001111110010011101011111110","001111101100001000010110001","001111110101100100110011000","001111111010010000110010001","001111110011101111011111010","001111110010000011110010011","001111110101000100100111010","001111111101010101000001010","001111011011011011110011101","000000000000000000000000000","001111101101000110000000001","001111101111000101101010000","001111101011100100111101010","001111111000100101100101101","001111110111010001000100001","001111110110011001100000100","001111111000100001110101001","001111111000110011001110000","001111101001010101001110001","001111101010101110101010101","001111101001001011101100010","001111101101110011101110101","001111011011000100111101011"),("001111011001010110110010110","001111101001000000001001011","001111100001010111110000111","001111100101000101100100010","001111110001100100111001110","001111110010100100111100100","001111110010000010100010101","001111101110010010111101000","001111111011010010010101101","001111110101111000101111011","001111110100101000101011111","001111110101000100100111010","001111100100111100000000001","000000000000000000000000000","001111101001001101110010001","001111101100011011100001110","001111101101010101001010010","001111111000100101100101101","001111110110110100000110011","001111110101110011001111000","001111110111010100011010001","001111101001010001011101100","001111101001101110000110101","001111101001001011101100010","001111110000001100101100010","001111100100110111101010110","001111011101100101100100101","001111011001111011010010000","000000000000000000000000000","001111100010000100101100001"),("001111011001100011101111001","001111101101110111100100000","001111101010000011100000101","001111110001011011100111100","001111110001111111010111111","001111110010011101011111110","001111101110010010111101000","001111111010110001001011001","001111110011101111011111010","001111101110000101011111000","001111111101010010011110011","001111011011011011110011101","001111100111010011010101100","001111101100011011100001110","001111101011100100111101010","001111110111010110011001111","001111110110000000110000101","001111111000100001110101001","001111100111100001101101001","001111101001101001101100011","001111101001001011101100010","001111110000000101000000110","001111011111011110101111011","000000000000000000000000000","000000000000000000000000000","000000000000000000000000000","001111110100010011000011011","001111110010110110101000010","001111100101100010011110011","001111110111100000010001110"),("001111011000011000100100110","001111101011110110001010111","000000000000000000000000000","001111110001110110101100100","001111110010101110100110001","001111101100001000010110001","001111111011010010010101101","001111110011101111011111010","001111101111100000001001101","001111111101010101000001010","000000000000000000000000000","001111101101000110000000001","001111110001100100010010110","001111111000100101100101101","001111110100111011010100001","001111111000100001110101001","001111100111111110000111011","001111101010101110101010101","001111101010011000011001000","001111011011000100111101011","001111011101100101100100101","001110101101101111001110110","000000000000000000000000000","001111110100010011000011011","001111110001101001101011001","001111101011111010001011001","000000000000000000000000000","000000000000000000000000000","000000000000000000000000000","001111101110100000010111101"),("001111011010110001111001011","001111100100010011001100001","001111101001001001010001110","001111110001111111010111111","001111110000000110101111000","001111110101100100110011000","001111110101111000101111011","001111101110000101011111000","001111111101010101000001010","000000000000000000000000000","001111101010110000101100101","001111101011100100111101010","001111110110100001000101100","001111110101110011001111000","001111111000110011001110000","001111101001101001101100011","001111101001000011011100001","001111011011000100111101011","001111011001010111010000101","000000000000000000000000000","001111100010000100101100001","001111110100001110100100100","001111100000111100010100100","001111110111100000010001110","000000000000000000000000000","000000000000000000000000000","001111101110100000010111101","001111111000001011101011100","001111100100111000110001110","001111111001010011100110110"),("001111011101101010110110010","001111100101101100101011101","001111110001011000010100100","001111110010010001011000110","001111101110010110000010100","001111111010010000110010001","001111110100101000101011111","001111111101010010011110011","000000000000000000000000000","001111101010110000101100101","001111110111111000111000011","001111110111010001000100001","001111110111101111111000010","001111101001010001011101100","001111101110100001111010100","001111110000000101000000110","001111011011101110001101001","001110101101101111001110110","000000000000000000000000000","001111110100001110100100100","001111011110101001111000101","000000000000000000000000000","000000000000000000000000000","000000000000000000000000000","001111111001011110100010000","001111101010101100001100110","001111101110000010000111000","001111111101010011001010001","001111110101010001011001111","001111111101111101000111100"),("001111100000110001000100101","001111101010000011100000101","001111110001110110101100100","001111110010011101011111110","001111110101100100110011000","001111110011101111011111010","001111110101000100100111010","001111011011011011110011101","001111101101000110000000001","001111101011100100111101010","001111110111010001000100001","001111111000100001110101001","001111101001010101001110001","001111101001001011101100010","001111011011000100111101011","000000000000000000000000000","000000000000000000000000000","001111110100010011000011011","001111101010000111000011100","001111110111100000010001110","000000000000000000000000000","000000000000000000000000000","001111111001010011100101111","001111100111000011101010010","001111111001010011100110110","001111111101010100111110101","001111111010101100000100100","010000000001100011011110101","001111111000100011010010010","010000000010011110101111011"),("001111100011100111010111011","001111101000111011110001010","001111110010010000110110000","001111101101001011111001000","001111111010011111000111010","001111110010000011110010011","001111100100111100000000001","001111100111010011010101100","001111110001100100010010110","001111110110100001000101100","001111110111101111111000010","001111101001010101001110001","001111101000110000011011010","001111100100110111101010110","001111010100000100011111010","000000000000000000000000000","001111110100011100100001100","001111101011111010001011001","000000000000000000000000000","000000000000000000000000000","001111111010001110001100001","001111101010101100001100110","001111110001001111001010010","001111111101010100111110101","001111111011101001111111001","010000000000101100110110001","001111110100011011100100011","000000000000000000000000000","000000000000000000000000000","000000000000000000000000000"),("001111101001000000001001011","001111100101000101100100010","001111110010100100111100100","001111101110010010111101000","001111110101111000101111011","001111110101000100100111010","000000000000000000000000000","001111101100011011100001110","001111111000100101100101101","001111110101110011001111000","001111101001010001011101100","001111101001001011101100010","001111100100110111101010110","001111011001111011010010000","001111100010000100101100001","001111110010110110101000010","001111110110010010110011111","000000000000000000000000000","000000000000000000000000000","001111111000001011101011100","001111101110111101101000001","001111111101010011001010001","001111110111011110101110111","010000000001100011011110101","001111110100101000100100010","000000000000000000000000000","000000000000000000000000000","000000000000000000000000000","000000000000000000000000000","000000000000000000000000000"),("001111101100000111001010010","001111101001001001010001110","001111110010101110100110001","001111110101100100110011000","001111110101110110101110100","001111111101010101000001010","001111101001001101110010001","001111101011100100111101010","001111110100111011010100001","001111111000110011001110000","001111101110100001111010100","001111011011000100111101011","001111010100000100011111010","001111100010000100101100001","001111110001101001101011001","001111110111100000010001110","000000000000000000000000000","001111101110100000010111101","001111101100010110110011010","001111111001010011100110110","001111111001011010100001001","001111111101111101000111100","001111111010000011011010111","010000000010011110101111011","000000000000000000000000000","000000000000000000000000000","000000000000000000000000000","000000000000000000000000000","001111110000101010111110110","001111111011100111010100110"),("001111101101110111100100000","001111110001011011100111100","001111110010011101011111110","001111111010110001001011001","001111101110000101011111000","001111011011011011110011101","001111101100011011100001110","001111110111010110011001111","001111111000100001110101001","001111101001101001101100011","001111110000000101000000110","000000000000000000000000000","000000000000000000000000000","001111110010110110101000010","001111110111100000010001110","000000000000000000000000000","001111111001111101010111100","001111100111000011101010010","001111111110111110101111011","001111110110001001111110100","010000000001100011011110101","001111110110000101100100111","000000000000000000000000000","000000000000000000000000000","000000000000000000000000000","000000000000000000000000000","001111111000000111011100001","001111110100100101001111110","001111101001111011100001100","001111110011100001100010110"),("001111101101110010001101010","001111110001011001110111110","001111101110010000111010010","001111111000101011110111001","001111110110100110111110011","000000000000000000000000000","001111101101010101001010010","001111110110000000110000101","001111100111111110000111011","001111101001000011011100001","001111011011101110001101001","000000000000000000000000000","001111110100011100100001100","001111110110010010110011111","000000000000000000000000000","001111111001111101010111100","001111100110101001000101110","001111111110001110010000001","001111111000101011011001011","001111111111111000101100011","001111111100100111110110101","000000000000000000000000000","000000000000000000000000000","000000000000000000000000000","001111111010001101010100101","001111110000010001010110000","001111110011010001000011100","001111101001101101111111101","000000000000000000000000000","000000000000000000000000000"),("001111101011110110001010111","001111110001110110101100100","001111101100001000010110001","001111110011101111011111010","001111111101010101000001010","001111101101000110000000001","001111111000100101100101101","001111111000100001110101001","001111101010101110101010101","001111011011000100111101011","001110101101101111001110110","001111110100010011000011011","001111101011111010001011001","000000000000000000000000000","001111101110100000010111101","001111100111000011101010010","001111111110001110010000001","001111111010101100000100100","001111111101010100100111111","010000000010011110101111011","000000000000000000000000000","000000000000000000000000000","000000000000000000000000000","001111111000000111011100001","001111111011100111010100110","001111011001000001000010010","000000000000000000000000000","000000000000000000000000000","001111100110100101001001000","001111100101001101001100010"),("001111101000110101001001010","001111110010110011100011100","001111101100000100101000011","001111110101001101000100101","001111011101010111011100010","001111101111000101101010000","001111110110110100000110011","001111100111100001101101001","001111101010011000011001000","001111011001010111010000101","000000000000000000000000000","001111101010000111000011100","000000000000000000000000000","000000000000000000000000000","001111101100010110110011010","001111111110111110101111011","001111111000101011011001011","001111111101010100100111111","000000000000000000000000000","000000000000000000000000000","000000000000000000000000000","000000000000000000000000000","001111101111100011101111110","001111110011111110100011100","001111101001110000000101010","000000000000000000000000000","001111110000110011110000010","001111110010111111001010110","000000000000000000000000000","000000000000000000000000000"),("001111100100010011001100001","001111110001111111010111111","001111110101100100110011000","001111101110000101011111000","000000000000000000000000000","001111101011100100111101010","001111110101110011001111000","001111101001101001101100011","001111011011000100111101011","000000000000000000000000000","001111110100001110100100100","001111110111100000010001110","000000000000000000000000000","001111111000001011101011100","001111111001010011100110110","001111110110001001111110100","001111111111111000101100011","010000000010011110101111011","000000000000000000000000000","000000000000000000000000000","000000000000000000000000000","001111101111011010010111110","001111110011000001010110100","001111110011100001100010110","000000000000000000000000000","001111100001010010001001110","001111100101001101001100010","001111100010001011101000011","001111100110100001111111000","001111101101000001110001100"),("001111100001010111110000111","001111110010100100111100100","001111111011010010010101101","001111110101000100100111010","001111101001001101110010001","001111111000100101100101101","001111110111010100011010001","001111101001001011101100010","001111011101100101100100101","001111100010000100101100001","001111011110101001111000101","000000000000000000000000000","001111111010001110001100001","001111101110111101101000001","001111111001011010100001001","010000000001100011011110101","001111111100100111110110101","000000000000000000000000000","000000000000000000000000000","000000000000000000000000000","001111101110111000111001001","001111110000010100110010001","000000000000000000000000000","000000000000000000000000000","001111101111100111001110010","000000000000000000000000000","001111011111011010110101110","000000000000000000000000000","001111101000011111011101011","001111101100000111011010000"),("001111100101101100101011101","001111110010010001011000110","001111111010010000110010001","001111111101010010011110011","001111101010110000101100101","001111110111010001000100001","001111101001010001011101100","001111110000000101000000110","001110101101101111001110110","001111110100001110100100100","000000000000000000000000000","000000000000000000000000000","001111101010101100001100110","001111111101010011001010001","001111111101111101000111100","001111110110000101100100111","000000000000000000000000000","000000000000000000000000000","000000000000000000000000000","001111101111011010010111110","001111110000010100110010001","000000000000000000000000000","000000000000000000000000000","001111101011111000101010010","000000000000000000000000000","001111101010000010001001110","000000000000000000000000000","001111110010011000111100101","000000000000000000000000000","000000000000000000000000000"),("001111101000001001110100001","001111110010110010010011001","001111110111100110001011101","001111100011000100101001010","001111101110011001000011111","001111110110011001100000100","001111101001101110000110101","001111011111011110101111011","000000000000000000000000000","001111100000111100010100100","000000000000000000000000000","001111111001010011100101111","001111110001001111001010010","001111110111011110101110111","001111111010000011011010111","000000000000000000000000000","000000000000000000000000000","000000000000000000000000000","001111101111100011101111110","001111110011000001010110100","000000000000000000000000000","000000000000000000000000000","001111101100101011010110000","001111100000000000100000001","001111100111111011111111111","001111100110011011101100010","001111101110010101010000111","000000000000000000000000000","001111111011110010011100111","001111111110111110101101111"),("001111101010000011100000101","001111110010011101011111110","001111110011101111011111010","001111011011011011110011101","001111101011100100111101010","001111111000100001110101001","001111101001001011101100010","000000000000000000000000000","001111110100010011000011011","001111110111100000010001110","000000000000000000000000000","001111100111000011101010010","001111111101010100111110101","010000000001100011011110101","010000000010011110101111011","000000000000000000000000000","000000000000000000000000000","001111111000000111011100001","001111110011111110100011100","001111110011100001100010110","000000000000000000000000000","001111101011111000101010010","001111100000000000100000001","001111100111111101101001110","001111101101000001110001100","001111110000101111011101000","000000000000000000000000000","001111110111000010100011101","001111110111110010011101010","001111101110101110011000010"),("001111101001011010101110001","001111110000000110101111000","001111110101110110101110100","000000000000000000000000000","001111111001001001001101101","001111111000110011001110000","001111110000001100101100010","000000000000000000000000000","001111110001101001101011001","000000000000000000000000000","001111111001011110100010000","001111111001010011100110110","001111111011101001111111001","001111110100101000100100010","000000000000000000000000000","000000000000000000000000000","001111111010001101010100101","001111111011100111010100110","001111101001110000000101010","000000000000000000000000000","001111101111100111001110010","000000000000000000000000000","001111100111111011111111111","001111101101000001110001100","001111101101011111010101100","000000000000000000000000000","001111101101010000000001110","001111110100010000110110101","001111110011001110010000100","001111111010001110001001000"),("001111101000111011110001010","001111101101001011111001000","001111110010000011110010011","001111100111010011010101100","001111110110100001000101100","001111101001010101001110001","001111100100110111101010110","000000000000000000000000000","001111101011111010001011001","000000000000000000000000000","001111101010101100001100110","001111111101010100111110101","010000000000101100110110001","000000000000000000000000000","000000000000000000000000000","000000000000000000000000000","001111110000010001010110000","001111011001000001000010010","000000000000000000000000000","001111100001010010001001110","000000000000000000000000000","001111101010000010001001110","001111100110011011101100010","001111110000101111011101000","000000000000000000000000000","001111100101110101000010001","001111110010011001111100010","001111110010110010111011101","000000000000000000000000000","000000000000000000000000000"),("000000000000000000000000000","001111101100001000010110001","001111101111100000001001101","001111101101000110000000001","001111110100111011010100001","001111101010101110101010101","001111011101100101100100101","001111110100010011000011011","000000000000000000000000000","001111101110100000010111101","001111101110000010000111000","001111111010101100000100100","001111110100011011100100011","000000000000000000000000000","000000000000000000000000000","001111111000000111011100001","001111110011010001000011100","000000000000000000000000000","001111110000110011110000010","001111100101001101001100010","001111011111011010110101110","000000000000000000000000000","001111101110010101010000111","000000000000000000000000000","001111101101010000000001110","001111110010011001111100010","001111110001111101101101101","000000000000000000000000000","000000000000000000000000000","000000000000000000000000000"),("001111100101000101100100010","001111101110010010111101000","001111110101000100100111010","001111101100011011100001110","001111110101110011001111000","001111101001001011101100010","001111011001111011010010000","001111110010110110101000010","000000000000000000000000000","001111111000001011101011100","001111111101010011001010001","010000000001100011011110101","000000000000000000000000000","000000000000000000000000000","000000000000000000000000000","001111110100100101001111110","001111101001101101111111101","000000000000000000000000000","001111110010111111001010110","001111100010001011101000011","000000000000000000000000000","001111110010011000111100101","000000000000000000000000000","001111110111000010100011101","001111110100010000110110101","001111110010110010111011101","000000000000000000000000000","000000000000000000000000000","001111110100000011001100011","001111110010111010011000100"),("001111100000001100000001001","001111110010100110011100111","001111110111000001100101011","001111110000110100111111110","001111110110011000101000011","001111101101110011101110101","000000000000000000000000000","001111100101100010011110011","000000000000000000000000000","001111100100111000110001110","001111110101010001011001111","001111111000100011010010010","000000000000000000000000000","000000000000000000000000000","001111110000101010111110110","001111101001111011100001100","000000000000000000000000000","001111100110100101001001000","000000000000000000000000000","001111100110100001111111000","001111101000011111011101011","000000000000000000000000000","001111111011110010011100111","001111110111110010011101010","001111110011001110010000100","000000000000000000000000000","000000000000000000000000000","001111110100000011001100011","000000000000000000000000000","000000000000000000000000000"),("001111101001001001010001110","001111110101100100110011000","001111111101010101000001010","001111101011100100111101010","001111111000110011001110000","001111011011000100111101011","001111100010000100101100001","001111110111100000010001110","001111101110100000010111101","001111111001010011100110110","001111111101111101000111100","010000000010011110101111011","000000000000000000000000000","000000000000000000000000000","001111111011100111010100110","001111110011100001100010110","000000000000000000000000000","001111100101001101001100010","000000000000000000000000000","001111101101000001110001100","001111101100000111011010000","000000000000000000000000000","001111111110111110101101111","001111101110101110011000010","001111111010001110001001000","000000000000000000000000000","000000000000000000000000000","001111110010111010011000100","000000000000000000000000000","001111101001100110110100101"),("001111110001110010111001111","001111111011110110100100010","001111011101010110110000001","001111111001100001011010000","001111101001011010111011010","001111011011101000010110011","001111110100001100110110010","001110100111110000101110101","001111111000011010100000100","001111111100101111100010010","001111111110101101001000110","000000000000000000000000000","000000000000000000000000000","001111110010110110011001010","001111101010101101010010100","000000000000000000000000000","001111101100011000010001111","001111010111100110101001110","000000000000000000000000000","001111101110001010000101001","000000000000000000000000000","000000000000000000000000000","001111110010101111011111100","001111101010101001100001111","000000000000000000000000000","000000000000000000000000000","001111110110000001110110111","000000000000000000000000000","001111011110110101100011010","001111110101101100010011000"),("001111110001011011100111100","001111111010110001001011001","001111011011011011110011101","001111110111010110011001111","001111101001101001101100011","000000000000000000000000000","001111110010110110101000010","000000000000000000000000000","001111100111000011101010010","001111110110001001111110100","001111110110000101100100111","000000000000000000000000000","000000000000000000000000000","001111110100100101001111110","001111110011100001100010110","001111110000110011010101111","000000000000000000000000000","001111100111111101101001110","001111100110101001110111010","000000000000000000000000000","001111110111000010100011101","001111110001100001010011110","001111110001010001011110110","000000000000000000000000000","001110111001001101000010011","001111110011010010000101101","000000000000000000000000000","001111101011100100111000011","001111110101111101111100011","001111011100111101111110110"),