("001111001111101000000101000","001111011000000001001000010","001111011011011011111001111","001111011100111011101101000","001111011110011010000000000","001111100000001111000000001","001111100000111110101111110","001111100001100100100110100","001111100010000101100010111","001111100010010100101110011","001111100001011001011000100","001111100000001000010111100","001111011100100011100001110","001111011000001011100101110","001111001111010110010110100","001110110010101001000011001","000000000000000000000000000","000000000000000000000000000","000000000000000000000000000","000000000000000000000000000","000000000000000000000000000","000000000000000000000000000","000000000000000000000000000","000000000000000000000000000","000000000000000000000000000","000000000000000000000000000","000000000000000000000000000","000000000000000000000000000","001110111101010001110111101","001110111110101100111101110"),("001111011000000001001000010","001111011100111011101101000","001111100000001111000000001","001111100001100100100110100","001111100010010100101110011","001111100000001000010111100","001111011000001011100101110","001110110010101001000011001","000000000000000000000000000","000000000000000000000000000","000000000000000000000000000","000000000000000000000000000","000000000000000000000000000","000000000000000000000000000","001110111110101100111101110","001111001100011111011000000","001111010111000101000111011","001111010111011100000010011","001111011010000011111011101","001111011010100001110011101","001111011000010110011100100","001111001101110000000001000","000000000000000000000000000","000000000000000000000000000","000000000000000000000000000","000000000000000000000000000","000000000000000000000000000","000000000000000000000000000","001111000001111010001000000","001111000001000110100011001"),("001111011011011011111001111","001111100000001111000000001","001111100010000101100010111","001111100000001000010111100","001111001111010110010110100","000000000000000000000000000","000000000000000000000000000","000000000000000000000000000","000000000000000000000000000","001110111110101100111101110","001111010111001011010011110","001111010111011100000010011","001111011010011111001110100","001111011000010110011100100","001111000000101101100101001","000000000000000000000000000","000000000000000000000000000","000000000000000000000000000","000000000000000000000000000","001111000001000110100011001","000000000000000000000000000","000000000000000000000000000","000000000000000000000000000","001110110111101001011000111","001111010001011111111010010","001110111111101011101111111","001111001010000010101001010","001111010001100010000011101","001111010011001010011000000","001111001100000001010111000"),("001111011100111011101101000","001111100001100100100110100","001111100000001000010111100","001110110010101001000011001","000000000000000000000000000","000000000000000000000000000","000000000000000000000000000","001111001100011111011000000","001111010111011100000010011","001111011010100001110011101","001111001101110000000001000","000000000000000000000000000","000000000000000000000000000","000000000000000000000000000","001111000001000110100011001","000000000000000000000000000","000000000000000000000000000","001110110111101001011000111","001111001110001001011000010","001111000100011011100010101","001111010001100010000011101","001111010001010100100101110","001111100100011100100000100","001111100101111110110000100","001111100100100010000011011","001111011011010011010101100","001111001110000010011011101","001110110010110011010001100","001111011110001100110011111","001111011110110110101001000"),("001111011110011010000000000","001111100010010100101110011","001111001111010110010110100","000000000000000000000000000","000000000000000000000000000","001110111110101100111101110","001111010100110100001000100","001111011010100001110011101","001111000000101101100101001","000000000000000000000000000","000000000000000000000000000","001111000001000110100011001","000000000000000000000000000","000000000000000000000000000","001111010001011111111010010","001111000100011011100010101","001111010011111101010001111","001111001100000001010111000","001111100101011101101010101","001111100100100010000011011","001111011000111100000100000","001110101001111000110100001","001111011011110000100000000","001111011110110110101001000","001111100101010111010010010","001111100011011100010001000","001111100000110001000001010","001111010010111011011101110","001111011010110010000111000","001111100000000101101010110"),("001111100000001111000000001","001111100000001000010111100","000000000000000000000000000","000000000000000000000000000","001110111110101100111101110","001111010111011100000010011","001111011000010110011100100","000000000000000000000000000","000000000000000000000000000","001111000001000110100011001","000000000000000000000000000","001110110111101001011000111","001110111111101011101111111","001111010001100010000011101","001111001100000001010111000","001111100101111110110000100","001111100000111001000010100","001111001110000010011011101","001111010111010101100110010","001111011110110110101001000","001111100101101000010100100","001111100010010000101010001","001111011100110100100111100","001111010100010011101000001","001111100000000101101010110","001111011010000000110000001","001111010001001100000001011","000000000000000000000000000","000000000000000000000000000","001111010010000011111110010"),("001111100000111110101111110","001111011000001011100101110","000000000000000000000000000","000000000000000000000000000","001111010100110100001000100","001111011000010110011100100","000000000000000000000000000","000000000000000000000000000","000000000000000000000000000","000000000000000000000000000","001110111111101100100010010","001111010001100010000011101","001111100001000110000101010","001111100110000000100011101","001111011000111100000100000","001110110010110011010001100","001111100000011010111001011","001111100101101000010100100","001111100001010100111110101","001111010010111011011101110","001111100001111000110010000","001111011001001000100111010","001111010101000011011111000","000000000000000000000000000","000000000000000000000000000","001111100100000110000101100","001111100011010100110111100","001111100011001010000100100","001111001111111110011111100","001111011111111100011100011"),("001111100001100100100110100","001110110010101001000011001","000000000000000000000000000","001111001100011111011000000","001111011010100001110011101","000000000000000000000000000","000000000000000000000000000","000000000000000000000000000","001110110111101001011000111","001111000100011011100010101","001111010001010100100101110","001111100101111110110000100","001111011011010011010101100","001110110010110011010001100","001111011110110110101001000","001111100101001110100100111","001111100000101110111010100","001111010100010011101000001","001111010100001011000101111","001111011001001010011010000","000000000000000000000000000","000000000000000000000000000","001111100100101010110010010","001111100011010100000111011","001111011001010001100010110","001111100010110101000001011","000000000000000000000000000","000000000000000000000000000","000000000000000000000000000","000000000000000000000000000"),("001111100010000101100010111","000000000000000000000000000","000000000000000000000000000","001111010111011100000010011","001111000000101101100101001","000000000000000000000000000","000000000000000000000000000","001110110111101001011000111","001111001010000010101001010","001111001100000001010111000","001111100110000000001000101","001111001110000010011011101","001111100000010000010110001","001111100101101000010100100","001111100000110001000001010","001111010100010011101000001","001111011001111001101110111","001111010001001100000001011","000000000000000000000000000","001111010010000011111110010","001111100011010100110111100","001111100000001011001111110","001111100010011000111001100","000000000000000000000000000","000000000000000000000000000","000000000000000000000000000","001111011010110010110111010","001111100000000100110000110","001111100000001101111011000","001111010011101110010110101"),("001111100010010100101110011","000000000000000000000000000","001110111110101100111101110","001111011010100001110011101","000000000000000000000000000","001111000001000110100011001","000000000000000000000000000","001111000100011011100010101","001111001100000001010111000","001111100100100010000011011","001110101001111000110100001","001111011110110110101001000","001111100011011100010001000","001111010010111011011101110","001111100000000101101010110","001111011001001010011010000","000000000000000000000000000","001111010010000011111110010","001111100011011110110100111","001111011001010001100010110","001111011111111100011100011","000000000000000000000000000","000000000000000000000000000","000000000000000000000000000","001111011110001101101001011","001111100000100000110000010","001111010011101110010110101","000000000000000000000000000","001111011000111001100010000","001111011000001010100110011"),("001111100001011001011000100","000000000000000000000000000","001111010111001011010011110","001111001101110000000001000","000000000000000000000000000","000000000000000000000000000","001110111111101100100010010","001111010001010100100101110","001111100110000000001000101","001110101001111000110100001","001111100010100000001111110","001111100010010000101010001","001111010000000101111000011","001111011001001000100111010","000000000000000000000000000","000000000000000000000000000","001111100011100011111111011","001111100000001011001111110","001111100010000000001010101","000000000000000000000000000","000000000000000000000000000","001111011011001000011010101","001111100000001100101000101","001111011011010101111011110","001110111001110011101101000","001111011001001010110111011","001111011011000100110000110","000000000000000000000000000","001111011101000100101000011","001111011001110111100001111"),("001111100000001000010111100","000000000000000000000000000","001111010111011100000010011","000000000000000000000000000","001111000001000110100011001","001110110111101001011000111","001111010001100010000011101","001111100101111110110000100","001111001110000010011011101","001111011110110110101001000","001111100010010000101010001","001111010100010011101000001","001111011010000000110000001","000000000000000000000000000","001111010010000011111110010","001111100011010100000111011","001111011000001111000000011","000000000000000000000000000","000000000000000000000000000","000000000000000000000000000","001111100000000100110000110","001111011011010101111011110","000000000000000000000000000","001111011100111101001111100","001111011000001010100110011","000000000000000000000000000","001111011001100000110001011","001111011110100101010101101","001111011100111011001101100","001111010110011010001001000"),("001111011100100011100001110","000000000000000000000000000","001111011010011111001110100","000000000000000000000000000","000000000000000000000000000","001110111111101011101111111","001111100001000110000101010","001111011011010011010101100","001111100000010000010110001","001111100011011100010001000","001111010000000101111000011","001111011010000000110000001","000000000000000000000000000","001111100100000110000101100","001111100011111001101010111","001111100010110101000001011","000000000000000000000000000","000000000000000000000000000","001111011011110111010010001","001111100000100000110000010","001111010000111101101010110","001111011001001010110111011","001111011011010101100010100","000000000000000000000000000","001111011010111001111000000","001111011100101001100110010","000000000000000000000000000","000000000000000000000000000","001111010011011110101010001","001111001100111001101100000"),("001111011000001011100101110","000000000000000000000000000","001111011000010110011100100","000000000000000000000000000","000000000000000000000000000","001111010001100010000011101","001111100110000000100011101","001110110010110011010001100","001111100101101000010100100","001111010010111011011101110","001111011001001000100111010","000000000000000000000000000","001111100100000110000101100","001111100011001010000100100","001111011111111100011100011","000000000000000000000000000","000000000000000000000000000","001111100000000100110000110","001111011001101001110000000","000000000000000000000000000","001111010111000100011001010","000000000000000000000000000","001111010111101001000110000","001111011110100101010101101","001110101010101011001001011","000000000000000000000000000","001111010010110000111110101","001111011100100010001001001","001111011010000000000101110","001111011101000111110000110"),("001111001111010110010110100","001110111110101100111101110","001111000000101101100101001","001111000001000110100011001","001111010001011111111010010","001111001100000001010111000","001111011000111100000100000","001111011110110110101001000","001111100000110001000001010","001111100000000101101010110","000000000000000000000000000","001111010010000011111110010","001111100011111001101010111","001111011111111100011100011","000000000000000000000000000","000000000000000000000000000","001111011110010111000100111","001111010011101110010110101","001111010001000011111011011","001111011000001010100110011","001111010110011110100100000","001111011001110111100001111","001111100101001111111010101","001111010110011010001001000","001111001110110101101101110","001111001100111001101100000","001111011100000011010101111","001111011101000111110000110","000000000000000000000000000","000000000000000000000000000"),("001110110010101001000011001","001111001100011111011000000","000000000000000000000000000","000000000000000000000000000","001111000100011011100010101","001111100101111110110000100","001110110010110011010001100","001111100101001110100100111","001111010100010011101000001","001111011001001010011010000","000000000000000000000000000","001111100011010100000111011","001111100010110101000001011","000000000000000000000000000","000000000000000000000000000","001111011101001000110011010","001111011000000001110010110","001111011100111101001111100","001111001101010010100111111","001111011010010011110101110","001111011110100101010101101","000000000000000000000000000","000000000000000000000000000","001111010001011001001110100","001111011110101110000100100","000000000000000000000000000","001111000101001101110011101","000000000000000000000000000","000000000000000000000000000","000000000000000000000000000"),("000000000000000000000000000","001111010111000101000111011","000000000000000000000000000","000000000000000000000000000","001111010011111101010001111","001111100000111001000010100","001111100000011010111001011","001111100000101110111010100","001111011001111001101110111","000000000000000000000000000","001111100011100011111111011","001111011000001111000000011","000000000000000000000000000","000000000000000000000000000","001111011110010111000100111","001111011000000001110010110","001111011001111111011101011","000000000000000000000000000","001111011001001101010011101","001111011110110101000010001","000000000000000000000000000","001110111001011011101101111","001111010111101100110100000","001111010011110111000011011","001111010000001010000000101","000000000000000000000000000","000000000000000000000000000","000000000000000000000000000","001111011111011000110110011","001111100001011010100011011"),("000000000000000000000000000","001111010111011100000010011","000000000000000000000000000","001110110111101001011000111","001111001100000001010111000","001111001110000010011011101","001111100101101000010100100","001111010100010011101000001","001111010001001100000001011","001111010010000011111110010","001111100000001011001111110","000000000000000000000000000","000000000000000000000000000","001111100000000100110000110","001111010011101110010110101","001111011100111101001111100","000000000000000000000000000","001111011001100000110001011","001111100001100100100100011","001111010110011010001001000","001111010010110000111110101","001111011100101011010111000","000000000000000000000000000","001111000101001101110011101","000000000000000000000000000","000000000000000000000000000","001111011111000101001010000","001111001110111100011011101","001111011100000100110010001","001111100011010000101001100"),("000000000000000000000000000","001111011010000011111011101","000000000000000000000000000","001111001110001001011000010","001111100101011101101010101","001111010111010101100110010","001111100001010100111110101","001111010100001011000101111","000000000000000000000000000","001111100011011110110100111","001111100010000000001010101","000000000000000000000000000","001111011011110111010010001","001111011001101001110000000","001111010001000011111011011","001111001101010010100111111","001111011001001101010011101","001111100001100100100100011","001111000100000001101001111","001111010000010110010111010","001111011110110010101100010","001111000011001010001101100","000000000000000000000000000","000000000000000000000000000","000000000000000000000000000","001111011110011011100001100","001111100010110101110000111","001111101001111000000000111","000000000000000000000000000","001111001110000100010001001"),("000000000000000000000000000","001111011010100001110011101","001111000001000110100011001","001111000100011011100010101","001111100100100010000011011","001111011110110110101001000","001111010010111011011101110","001111011001001010011010000","001111010010000011111110010","001111011001010001100010110","000000000000000000000000000","000000000000000000000000000","001111100000100000110000010","000000000000000000000000000","001111011000001010100110011","001111011010010011110101110","001111011110110101000010001","001111010110011010001001000","001111010000010110010111010","001111011110101110000100100","001111011101000111110000110","000000000000000000000000000","000000000000000000000000000","000000000000000000000000000","000000000000000000000000000","001111011110101100011000000","001111100011010000101001100","001111100111110101101011011","000000000000000000000000000","000000000000000000000000000"),("000000000000000000000000000","001111011000010110011100100","000000000000000000000000000","001111010001100010000011101","001111011000111100000100000","001111100101101000010100100","001111100001111000110010000","000000000000000000000000000","001111100011010100110111100","001111011111111100011100011","000000000000000000000000000","001111100000000100110000110","001111010000111101101010110","001111010111000100011001010","001111010110011110100100000","001111011110100101010101101","000000000000000000000000000","001111010010110000111110101","001111011110110010101100010","001111011101000111110000110","000000000000000000000000000","000000000000000000000000000","001111011110100100010010100","001111001110111100011011101","001111011101010001110011000","000000000000000000000000000","001111100011011010000010011","001111010110111101000001011","001111100011111011101101000","001111100110011010001101011"),("000000000000000000000000000","001111001101110000000001000","000000000000000000000000000","001111010001010100100101110","001110101001111000110100001","001111100010010000101010001","001111011001001000100111010","000000000000000000000000000","001111100000001011001111110","000000000000000000000000000","001111011011001000011010101","001111011011010101111011110","001111011001001010110111011","000000000000000000000000000","001111011001110111100001111","000000000000000000000000000","001110111001011011101101111","001111011100101011010111000","001111000011001010001101100","000000000000000000000000000","000000000000000000000000000","001111011110111000110001110","001111011000110001101110011","001111100101000101111001011","000000000000000000000000000","000000000000000000000000000","001111100010000001100001110","001111100100011010110110010","000000000000000000000000000","000000000000000000000000000"),("000000000000000000000000000","000000000000000000000000000","000000000000000000000000000","001111100100011100100000100","001111011011110000100000000","001111011100110100100111100","001111010101000011011111000","001111100100101010110010010","001111100010011000111001100","000000000000000000000000000","001111100000001100101000101","000000000000000000000000000","001111011011010101100010100","001111010111101001000110000","001111100101001111111010101","000000000000000000000000000","001111010111101100110100000","000000000000000000000000000","000000000000000000000000000","000000000000000000000000000","001111011110100100010010100","001111011000110001101110011","001111100111011001011011101","000000000000000000000000000","000000000000000000000000000","001111001100011111111011101","001111011010010011111100101","000000000000000000000000000","000000000000000000000000000","001111011011001010110000101"),("000000000000000000000000000","000000000000000000000000000","001110110111101001011000111","001111100101111110110000100","001111011110110110101001000","001111010100010011101000001","000000000000000000000000000","001111100011010100000111011","000000000000000000000000000","000000000000000000000000000","001111011011010101111011110","001111011100111101001111100","000000000000000000000000000","001111011110100101010101101","001111010110011010001001000","001111010001011001001110100","001111010011110111000011011","001111000101001101110011101","000000000000000000000000000","000000000000000000000000000","001111001110111100011011101","001111100101000101111001011","000000000000000000000000000","000000000000000000000000000","000000000000000000000000000","001111100000101110011011101","000000000000000000000000000","000000000000000000000000000","000000000000000000000000000","000000000000000000000000000"),("000000000000000000000000000","000000000000000000000000000","001111010001011111111010010","001111100100100010000011011","001111100101010111010010010","001111100000000101101010110","000000000000000000000000000","001111011001010001100010110","000000000000000000000000000","001111011110001101101001011","001110111001110011101101000","001111011000001010100110011","001111011010111001111000000","001110101010101011001001011","001111001110110101101101110","001111011110101110000100100","001111010000001010000000101","000000000000000000000000000","000000000000000000000000000","000000000000000000000000000","001111011101010001110011000","000000000000000000000000000","000000000000000000000000000","000000000000000000000000000","001111100010110010001101111","000000000000000000000000000","001111011010010100110100101","000000000000000000000000000","000000000000000000000000000","000000000000000000000000000"),("000000000000000000000000000","000000000000000000000000000","001110111111101011101111111","001111011011010011010101100","001111100011011100010001000","001111011010000000110000001","001111100100000110000101100","001111100010110101000001011","000000000000000000000000000","001111100000100000110000010","001111011001001010110111011","000000000000000000000000000","001111011100101001100110010","000000000000000000000000000","001111001100111001101100000","000000000000000000000000000","000000000000000000000000000","000000000000000000000000000","001111011110011011100001100","001111011110101100011000000","000000000000000000000000000","000000000000000000000000000","001111001100011111111011101","001111100000101110011011101","000000000000000000000000000","001111100000001010000111110","000000000000000000000000000","000000000000000000000000000","001111001000001011100100010","001111011110001111010000001"),("000000000000000000000000000","000000000000000000000000000","001111001010000010101001010","001111001110000010011011101","001111100000110001000001010","001111010001001100000001011","001111100011010100110111100","000000000000000000000000000","001111011010110010110111010","001111010011101110010110101","001111011011000100110000110","001111011001100000110001011","000000000000000000000000000","001111010010110000111110101","001111011100000011010101111","001111000101001101110011101","000000000000000000000000000","001111011111000101001010000","001111100010110101110000111","001111100011010000101001100","001111100011011010000010011","001111100010000001100001110","001111011010010011111100101","000000000000000000000000000","001111011010010100110100101","000000000000000000000000000","000000000000000000000000000","000000000000000000000000000","001111011010000011101011011","001111010000010000100111010"),("000000000000000000000000000","000000000000000000000000000","001111010001100010000011101","001110110010110011010001100","001111010010111011011101110","000000000000000000000000000","001111100011001010000100100","000000000000000000000000000","001111100000000100110000110","000000000000000000000000000","000000000000000000000000000","001111011110100101010101101","000000000000000000000000000","001111011100100010001001001","001111011101000111110000110","000000000000000000000000000","000000000000000000000000000","001111001110111100011011101","001111101001111000000000111","001111100111110101101011011","001111010110111101000001011","001111100100011010110110010","000000000000000000000000000","000000000000000000000000000","000000000000000000000000000","000000000000000000000000000","000000000000000000000000000","001111011100011111110001101","001111001111111100101100001","001111011001000000011000011"),("001110111101010001110111101","001111000001111010001000000","001111010011001010011000000","001111011110001100110011111","001111011010110010000111000","000000000000000000000000000","001111001111111110011111100","000000000000000000000000000","001111100000001101111011000","001111011000111001100010000","001111011101000100101000011","001111011100111011001101100","001111010011011110101010001","001111011010000000000101110","000000000000000000000000000","000000000000000000000000000","001111011111011000110110011","001111011100000100110010001","000000000000000000000000000","000000000000000000000000000","001111100011111011101101000","000000000000000000000000000","000000000000000000000000000","000000000000000000000000000","000000000000000000000000000","001111001000001011100100010","001111011010000011101011011","001111001111111100101100001","001111100010101100011011101","001111011111100111000011000"),("001110111110101100111101110","001111000001000110100011001","001111001100000001010111000","001111011110110110101001000","001111100000000101101010110","001111010010000011111110010","001111011111111100011100011","000000000000000000000000000","001111010011101110010110101","001111011000001010100110011","001111011001110111100001111","001111010110011010001001000","001111001100111001101100000","001111011101000111110000110","000000000000000000000000000","000000000000000000000000000","001111100001011010100011011","001111100011010000101001100","001111001110000100010001001","000000000000000000000000000","001111100110011010001101011","000000000000000000000000000","001111011011001010110000101","000000000000000000000000000","000000000000000000000000000","001111011110001111010000001","001111010000010000100111010","001111011001000000011000011","001111011111100111000011000","001111001000111011001111101"),("001111001011000010000011010","000000000000000000000000000","001111100101100001011010100","001111100101100111011011011","001111011001010010111110100","001111100011111110011111110","000000000000000000000000000","001111011100110000011110101","000000000000000000000000000","000000000000000000000000000","001111100000011100111101100","000000000000000000000000000","001111011110011111000100000","000000000000000000000000000","000000000000000000000000000","001111011001111100100101111","001111100100001000011111001","001111100001100001000000100","001111011010100100111101100","001111011101010100010001010","000000000000000000000000000","001111101011011100011111000","000000000000000000000000000","000000000000000000000000000","001111011000010111010111010","001111010101001010000100100","001111011111011001010011010","001111100010100000110001101","000000000000000000000000000","001111011100001001011001111"),("001111001100011111011000000","000000000000000000000000000","001111100101111110110000100","001111100101001110100100111","001111011001001010011010000","001111100011010100000111011","000000000000000000000000000","001111011101001000110011010","001111011100111101001111100","001111011010010011110101110","000000000000000000000000000","001111010001011001001110100","000000000000000000000000000","000000000000000000000000000","000000000000000000000000000","001111100011000010111101110","000000000000000000000000000","000000000000000000000000000","001111100100011100111001001","000000000000000000000000000","000000000000000000000000000","000000000000000000000000000","000000000000000000000000000","001111010010110111000101110","001111011100011010111011110","001111100000100000111110100","001111010101100010010010011","000000000000000000000000000","001111100000100011110000110","001111011101010001101100001"),